T 873 4963476 1463667460 662195
U -2 -3 17 9 112 159 6 17
L 48.731489 44.524584 51
I 12 3 -1 48 8 -2 -9
E 10
e 2 14059 -2139452813 -1592906934 -1422295647 644502105 -1448129817 -22657 1044 134562565 611 2605 8761 719 36 -97 24750 47 24750 1268988 -20 0 1 0 0 -43 31
e 3 12937 -1501252982 -1592943944 -679137570 655576023 -1339970357 -22536 -986 2050818 -983 4348 6968 -1011 19 34 24750 73 24750 -127174 -33 0 1 0 0 4 31
e 6 13101 2129884657 -1592951916 -1397052360 658882636 -970667297 -22755 817 3740718 529 2709 9105 555 -31 -25 24750 78 24750 413302 48 0 1 0 0 9 31
e 12 10730 1039559491 -1592926644 1503959989 676886348 509458098 -21916 -1404 52796489 -2885 3916 8228 -3297 -56 8 24750 88 24750 816406 10 0 1 1 0 -27 31
e 14 12083 -1069905808 -1592775980 88367885 659282434 -1342910960 -21871 600 74044950 2456 5133 6273 2710 67 64 24750 38 24750 -31532 -18 0 1 0 0 -20 31
e 17 10976 -950918417 -1592947631 -2080048585 667623345 -1318314243 -21473 770 94188326 -71 6106 5428 -84 124 146 24750 56 24750 -437603 -2 0 1 0 0 -23 31
e 19 10953 1188362097 -1592985083 -2046713371 665635173 524061767 -21577 736 92610262 -276 6298 5359 -262 -87 -18 24750 24 24750 -1128879 0 0 1 0 0 -32 31
e 24 14436 2050675165 -1592987349 735932893 649035500 285646035 -23787 381 37932189 1575 1223 10547 1867 -61 -7 24750 89 24750 -37118 -5 0 1 1 0 5 31
e 25 11787 671564309 -1592916424 1469212392 668820017 526727318 -22520 -1339 48226255 -2577 3327 8647 -3035 -32 23 24750 53 24750 -374266 -62 0 1 0 0 12 31
e 29 10874 657512838 -1593011328 -2073413102 668284664 -188652414 -21327 851 8448585 -284 5801 5739 -321 34 16 24750 47 24750 1411212 0 0 1 0 0 -22 31
A 31
a 1 11427 144 3615 -688 10554548 -5438898 1223413 -926218 22 0
a 2 32869 144 77 -702 10554813 -5560145 -5655658 16981 619 -1
a 3 493 144 2752 -696 10554654 -2657085 -5239701 2519718 -63 -1
a 5 9664 144 594 -707 10554840 -2688652 1211753 6743752 -125 1
a 6 919 144 3588 -686 10554649 -5461413 -3811385 -58834 203 1
a 7 19771 144 3995 -706 10554574 2996104 -7150340 -2874145 475 -1
a 8 3690 144 3520 -668 10554679 -8269296 -2972813 7088139 -38 0
a 9 1202 144 2181 -671 10554441 118016 5982079 3867559 140 2
a 10 3141 144 2792 -697 10554618 -2667801 -7255579 -7206982 -29 -2
a 11 34297 144 -7643 -729 10554566 -6444484 4070754 -2560244 -679 0
a 12 12893 144 7959 -687 10554745 5870714 1995339 -4345093 399 0
a 13 9181 144 4922 -660 10554660 439924 5341507 -397449 -20 -1
a 14 18113 144 3668 -664 10555341 341170 -5245714 4184509 -16 -1
a 15 17048 144 -1873 -695 10554458 -21851 1285520 2490716 -327 0
a 16 18374 144 8047 -686 10554809 5920868 1024864 6999827 -17 1
a 17 22995 144 5714 -656 10554683 -8129140 -5150541 4664351 -214 0
a 18 36019 144 -2971 -730 10554604 -2744639 -5033140 -7960440 543 1
a 19 22621 144 5230 -655 10554531 -7998932 2053149 -3759917 -551 0
a 20 9624 144 -2765 -729 10554713 -2883082 3656061 2543894 434 1
a 21 49004 144 -1058 -711 10554471 -5528103 -4779385 -5599450 -549 0
a 22 16096 144 -3322 -730 10554879 -2742883 -5125821 3542755 354 -2
a 23 22889 144 669 -679 10554636 132165 -6880028 1170367 -183 0
a 24 9266 144 1178 -718 10554505 2870358 1114761 -383826 -18 0
a 25 11782 144 5991 -702 10554784 5734897 2062227 -5782829 -184 -2
a 26 2152 144 2982 -717 10554791 5711192 500568 -7942948 -390 -3
a 27 7685 144 4870 -661 10554576 -8262213 736904 4693805 100 1
a 28 41388 144 7831 -688 10554537 5934107 -4318487 6769707 550 1
a 29 2046 144 5876 -653 10554433 -8103209 -700038 -5862329 689 0
a 30 4350 144 1618 -721 10554471 3114217 8013133 -2497410 133 1
a 31 17147 144 4798 -701 10554780 3021013 -1061031 -3194726 281 -1
a 32 776 144 2949 -666 10554487 121663 -6230906 5544725 -10 -2
